0.013458 0.013929 0.014424 0.014891 0.015298 0.015633 0.015900 0.016109 0.016272 0.016399 0.016500 0.016581 0.016646 0.016699 0.016742 0.016778 0.016808 0.016833 0.016854 0.016872 0.016887 0.016900 0.016912 0.016922 0.016931 0.016939 0.016947 0.016954 0.016961 0.016967 0.016973 0.016979 0.016985 0.016990 0.016995 0.017000 0.017005 0.017010 0.017014 0.017018 0.017023 0.017027 0.017030 0.017034 0.017037 0.017041 0.017044 0.017047 0.017051 0.017054 0.017057 0.017060 0.017062 0.017065 0.017068 0.017071 0.017074 0.017077 0.017079 0.017082
0.010920 0.011553 0.012267 0.013001 0.013694 0.014309 0.014832 0.015268 0.015626 0.015922 0.016166 0.016369 0.016538 0.016678 0.016796 0.016894 0.016975 0.017042 0.017098 0.017144 0.017182 0.017213 0.017239 0.017260 0.017279 0.017294 0.017307 0.017319 0.017329 0.017339 0.017347 0.017354 0.017361 0.017367 0.017373 0.017378 0.017383 0.017388 0.017392 0.017396 0.017400 0.017403 0.017406 0.017409 0.017412 0.017414 0.017416 0.017418 0.017420 0.017421 0.017423 0.017424 0.017425 0.017427 0.017428 0.017430 0.017431 0.017433 0.017434 0.017435
0.009120 0.009814 0.010622 0.011494 0.012361 0.013165 0.013876 0.014487 0.015006 0.015444 0.015815 0.016128 0.016394 0.016618 0.016806 0.016964 0.017095 0.017204 0.017294 0.017367 0.017427 0.017476 0.017515 0.017548 0.017574 0.017595 0.017613 0.017628 0.017641 0.017652 0.017662 0.017670 0.017677 0.017684 0.017689 0.017694 0.017698 0.017702 0.017706 0.017709 0.017712 0.017714 0.017716 0.017718 0.017719 0.017719 0.017720 0.017720 0.017720 0.017720 0.017719 0.017719 0.017719 0.017719 0.017719 0.017719 0.017719 0.017719 0.017719 0.017719
0.007782 0.008501 0.009351 0.010298 0.011271 0.012202 0.013048 0.013793 0.014439 0.014996 0.015474 0.015885 0.016237 0.016536 0.016791 0.017005 0.017184 0.017332 0.017454 0.017553 0.017634 0.017698 0.017750 0.017792 0.017825 0.017852 0.017873 0.017891 0.017905 0.017917 0.017927 0.017935 0.017942 0.017948 0.017953 0.017957 0.017960 0.017963 0.017966 0.017968 0.017969 0.017970 0.017971 0.017971 0.017970 0.017969 0.017968 0.017966 0.017965 0.017962 0.017960 0.017958 0.017956 0.017954 0.017953 0.017952 0.017950 0.017949 0.017948 0.017947
0.006765 0.007491 0.008359 0.009346 0.010385 0.011401 0.012344 0.013189 0.013935 0.014588 0.015157 0.015651 0.016079 0.016446 0.016760 0.017026 0.017249 0.017433 0.017585 0.017709 0.017808 0.017887 0.017950 0.018000 0.018039 0.018070 0.018094 0.018113 0.018128 0.018140 0.018150 0.018157 0.018164 0.018169 0.018173 0.018176 0.018178 0.018179 0.018180 0.018181 0.018181 0.018181 0.018180 0.018179 0.018177 0.018174 0.018171 0.018168 0.018164 0.018160 0.018156 0.018153 0.018149 0.018146 0.018143 0.018141 0.018139 0.018136 0.018135 0.018133
0.005981 0.006704 0.007576 0.008583 0.009663 0.010736 0.011748 0.012669 0.013492 0.014222 0.014866 0.015432 0.015926 0.016354 0.016722 0.017034 0.017297 0.017515 0.017694 0.017839 0.017956 0.018048 0.018121 0.018178 0.018221 0.018255 0.018281 0.018301 0.018316 0.018328 0.018337 0.018344 0.018349 0.018353 0.018356 0.018357 0.018358 0.018358 0.018358 0.018357 0.018356 0.018355 0.018353 0.018350 0.018347 0.018343 0.018338 0.018333 0.018328 0.018323 0.018317 0.018312 0.018307 0.018303 0.018299 0.018296 0.018293 0.018290 0.018287 0.018285
0.005371 0.006084 0.006953 0.007969 0.009073 0.010185 0.011245 0.012222 0.013106 0.013898 0.014604 0.015230 0.015782 0.016263 0.016678 0.017033 0.017331 0.017580 0.017783 0.017948 0.018081 0.018185 0.018266 0.018329 0.018377 0.018413 0.018440 0.018461 0.018476 0.018487 0.018495 0.018500 0.018504 0.018507 0.018508 0.018508 0.018508 0.018507 0.018505 0.018504 0.018501 0.018498 0.018495 0.018491 0.018487 0.018482 0.018476 0.018470 0.018464 0.018457 0.018451 0.018444 0.018438 0.018433 0.018428 0.018424 0.018420 0.018417 0.018414 0.018411
0.004890 0.005591 0.006453 0.007472 0.008589 0.009726 0.010821 0.011840 0.012770 0.013612 0.014369 0.015047 0.015647 0.016175 0.016632 0.017024 0.017356 0.017631 0.017857 0.018040 0.018186 0.018301 0.018390 0.018458 0.018510 0.018548 0.018576 0.018596 0.018611 0.018621 0.018627 0.018631 0.018634 0.018635 0.018635 0.018634 0.018633 0.018630 0.018628 0.018625 0.018621 0.018617 0.018613 0.018608 0.018603 0.018597 0.018591 0.018584 0.018577 0.018570 0.018562 0.018555 0.018548 0.018542 0.018536 0.018532 0.018527 0.018524 0.018521 0.018518
0.004508 0.005196 0.006049 0.007066 0.008190 0.009343 0.010463 0.011513 0.012479 0.013361 0.014160 0.014880 0.015523 0.016091 0.016586 0.017011 0.017371 0.017671 0.017918 0.018117 0.018276 0.018400 0.018496 0.018568 0.018623 0.018662 0.018691 0.018711 0.018725 0.018734 0.018739 0.018741 0.018742 0.018742 0.018741 0.018739 0.018736 0.018733 0.018730 0.018726 0.018722 0.018717 0.018712 0.018706 0.018701 0.018694 0.018687 0.018680 0.018673 0.018665 0.018657 0.018649 0.018641 0.018635 0.018629 0.018624 0.018619 0.018615 0.018612 0.018609
0.004203 0.004878 0.005721 0.006734 0.007861 0.009024 0.010161 0.011233 0.012227 0.013140 0.013974 0.014730 0.015410 0.016012 0.016540 0.016994 0.017380 0.017702 0.017967 0.018180 0.018350 0.018483 0.018585 0.018662 0.018719 0.018760 0.018789 0.018808 0.018821 0.018829 0.018833 0.018834 0.018834 0.018832 0.018830 0.018826 0.018823 0.018819 0.018815 0.018810 0.018806 0.018800 0.018795 0.018789 0.018783 0.018776 0.018769 0.018762 0.018754 0.018746 0.018738 0.018730 0.018722 0.018715 0.018709 0.018703 0.018699 0.018695 0.018692 0.018689
0.003956 0.004620 0.005454 0.006461 0.007588 0.008757 0.009905 0.010994 0.012009 0.012948 0.013810 0.014596 0.015305 0.015938 0.016493 0.016974 0.017383 0.017724 0.018005 0.018232 0.018412 0.018552 0.018660 0.018740 0.018800 0.018842 0.018871 0.018891 0.018903 0.018910 0.018912 0.018912 0.018910 0.018907 0.018904 0.018900 0.018895 0.018891 0.018886 0.018881 0.018876 0.018870 0.018865 0.018859 0.018852 0.018845 0.018839 0.018831 0.018824 0.018816 0.018808 0.018800 0.018792 0.018785 0.018779 0.018774 0.018769 0.018765 0.018762 0.018760
0.003757 0.004409 0.005234 0.006235 0.007361 0.008534 0.009690 0.010791 0.011822 0.012780 0.013664 0.014474 0.015209 0.015867 0.016448 0.016951 0.017380 0.017739 0.018034 0.018273 0.018462 0.018609 0.018722 0.018806 0.018868 0.018911 0.018941 0.018961 0.018972 0.018978 0.018979 0.018978 0.018975 0.018971 0.018966 0.018961 0.018956 0.018951 0.018946 0.018940 0.018935 0.018930 0.018924 0.018918 0.018912 0.018905 0.018898 0.018891 0.018884 0.018877 0.018869 0.018862 0.018854 0.018848 0.018842 0.018837 0.018832 0.018828 0.018826 0.018823
0.003594 0.004237 0.005053 0.006049 0.007173 0.008347 0.009508 0.010618 0.011661 0.012633 0.013535 0.014366 0.015122 0.015801 0.016402 0.016925 0.017372 0.017746 0.018055 0.018304 0.018502 0.018656 0.018773 0.018861 0.018925 0.018970 0.019000 0.019019 0.019031 0.019036 0.019036 0.019034 0.019029 0.019024 0.019019 0.019013 0.019007 0.019001 0.018996 0.018991 0.018985 0.018980 0.018974 0.018969 0.018963 0.018957 0.018950 0.018944 0.018937 0.018930 0.018924 0.018917 0.018910 0.018904 0.018899 0.018894 0.018890 0.018886 0.018884 0.018882
0.003461 0.004095 0.004904 0.005895 0.007016 0.008191 0.009355 0.010471 0.011523 0.012507 0.013422 0.014268 0.015041 0.015738 0.016357 0.016897 0.017359 0.017747 0.018067 0.018326 0.018532 0.018692 0.018815 0.018906 0.018972 0.019018 0.019049 0.019069 0.019080 0.019084 0.019084 0.019081 0.019076 0.019070 0.019063 0.019057 0.019050 0.019044 0.019038 0.019033 0.019028 0.019023 0.019018 0.019013 0.019007 0.019002 0.018996 0.018990 0.018984 0.018978 0.018972 0.018966 0.018961 0.018955 0.018951 0.018947 0.018943 0.018940 0.018938 0.018936
0.003352 0.003978 0.004781 0.005767 0.006885 0.008060 0.009226 0.010346 0.011404 0.012397 0.013323 0.014181 0.014967 0.015679 0.016312 0.016866 0.017341 0.017742 0.018072 0.018341 0.018554 0.018720 0.018847 0.018942 0.019010 0.019058 0.019090 0.019110 0.019121 0.019126 0.019125 0.019121 0.019115 0.019109 0.019101 0.019094 0.019087 0.019081 0.019075 0.019070 0.019065 0.019060 0.019055 0.019051 0.019046 0.019041 0.019036 0.019031 0.019026 0.019021 0.019016 0.019011 0.019007 0.019003 0.018999 0.018996 0.018993 0.018990 0.018988 0.018987
0.003262 0.003882 0.004679 0.005661 0.006776 0.007950 0.009117 0.010240 0.011303 0.012302 0.013235 0.014102 0.014899 0.015622 0.016267 0.016832 0.017319 0.017730 0.018071 0.018348 0.018568 0.018740 0.018872 0.018970 0.019041 0.019091 0.019124 0.019145 0.019157 0.019161 0.019160 0.019156 0.019150 0.019142 0.019135 0.019127 0.019119 0.019113 0.019107 0.019101 0.019097 0.019092 0.019088 0.019084 0.019080 0.019076 0.019072 0.019068 0.019064 0.019060 0.019056 0.019053 0.019049 0.019046 0.019044 0.019042 0.019040 0.019038 0.019037 0.019036
0.003188 0.003802 0.004595 0.005572 0.006686 0.007858 0.009026 0.010150 0.011216 0.012219 0.013158 0.014032 0.014836 0.015567 0.016221 0.016797 0.017293 0.017714 0.018063 0.018347 0.018575 0.018752 0.018889 0.018991 0.019065 0.019117 0.019152 0.019174 0.019186 0.019191 0.019190 0.019186 0.019179 0.019172 0.019164 0.019156 0.019148 0.019141 0.019135 0.019129 0.019125 0.019121 0.019117 0.019114 0.019111 0.019108 0.019105 0.019102 0.019099 0.019096 0.019093 0.019091 0.019089 0.019087 0.019086 0.019085 0.019085 0.019084 0.019084 0.019084
0.003126 0.003736 0.004524 0.005499 0.006609 0.007781 0.008948 0.010074 0.011142 0.012148 0.013091 0.013969 0.014779 0.015516 0.016177 0.016759 0.017264 0.017692 0.018049 0.018340 0.018574 0.018758 0.018899 0.019005 0.019083 0.019137 0.019174 0.019198 0.019211 0.019217 0.019216 0.019212 0.019206 0.019198 0.019190 0.019181 0.019173 0.019166 0.019160 0.019155 0.019150 0.019147 0.019144 0.019141 0.019139 0.019137 0.019135 0.019133 0.019131 0.019130 0.019128 0.019127 0.019126 0.019126 0.019126 0.019127 0.019128 0.019128 0.019129 0.019130
0.003076 0.003681 0.004466 0.005437 0.006546 0.007716 0.008883 0.010009 0.011078 0.012086 0.013031 0.013912 0.014726 0.015467 0.016133 0.016720 0.017231 0.017665 0.018029 0.018327 0.018567 0.018757 0.018903 0.019013 0.019095 0.019152 0.019192 0.019217 0.019232 0.019238 0.019239 0.019235 0.019229 0.019222 0.019213 0.019205 0.019197 0.019190 0.019183 0.019178 0.019174 0.019170 0.019168 0.019166 0.019165 0.019163 0.019163 0.019162 0.019162 0.019161 0.019161 0.019161 0.019162 0.019163 0.019165 0.019167 0.019169 0.019171 0.019173 0.019175
0.003034 0.003636 0.004417 0.005386 0.006493 0.007661 0.008828 0.009954 0.011023 0.012032 0.012978 0.013861 0.014677 0.015421 0.016089 0.016681 0.017195 0.017635 0.018004 0.018309 0.018554 0.018749 0.018901 0.019016 0.019101 0.019162 0.019205 0.019233 0.019249 0.019257 0.019259 0.019256 0.019250 0.019243 0.019235 0.019227 0.019219 0.019212 0.019205 0.019200 0.019196 0.019193 0.019191 0.019189 0.019189 0.019188 0.019189 0.019189 0.019190 0.019191 0.019192 0.019194 0.019196 0.019199 0.019202 0.019206 0.019209 0.019213 0.019216 0.019220
0.002999 0.003598 0.004377 0.005343 0.006448 0.007615 0.008781 0.009906 0.010975 0.011984 0.012931 0.013815 0.014631 0.015377 0.016047 0.016641 0.017158 0.017602 0.017975 0.018284 0.018536 0.018736 0.018893 0.019013 0.019103 0.019168 0.019214 0.019244 0.019263 0.019273 0.019276 0.019274 0.019269 0.019263 0.019256 0.019248 0.019240 0.019233 0.019227 0.019222 0.019218 0.019215 0.019213 0.019212 0.019212 0.019212 0.019214 0.019215 0.019218 0.019220 0.019223 0.019226 0.019229 0.019233 0.019238 0.019243 0.019249 0.019254 0.019259 0.019264
0.002970 0.003566 0.004343 0.005307 0.006410 0.007576 0.008741 0.009865 0.010934 0.011942 0.012889 0.013773 0.014589 0.015335 0.016006 0.016601 0.017120 0.017566 0.017942 0.018256 0.018512 0.018718 0.018880 0.019005 0.019099 0.019169 0.019218 0.019252 0.019273 0.019285 0.019290 0.019290 0.019287 0.019282 0.019275 0.019268 0.019260 0.019254 0.019248 0.019243 0.019239 0.019236 0.019234 0.019234 0.019234 0.019236 0.019238 0.019241 0.019244 0.019248 0.019252 0.019256 0.019262 0.019267 0.019274 0.019280 0.019287 0.019294 0.019301 0.019307
0.002946 0.003540 0.004314 0.005276 0.006378 0.007543 0.008706 0.009830 0.010898 0.011905 0.012851 0.013734 0.014550 0.015295 0.015966 0.016561 0.017081 0.017529 0.017907 0.018223 0.018483 0.018694 0.018861 0.018991 0.019090 0.019165 0.019218 0.019256 0.019281 0.019296 0.019303 0.019305 0.019303 0.019299 0.019293 0.019287 0.019280 0.019274 0.019268 0.019264 0.019260 0.019258 0.019256 0.019256 0.019257 0.019259 0.019262 0.019266 0.019270 0.019275 0.019281 0.019287 0.019293 0.019301 0.019309 0.019317 0.019325 0.019334 0.019342 0.019350
0.002926 0.003518 0.004290 0.005250 0.006350 0.007514 0.008677 0.009799 0.010866 0.011872 0.012817 0.013698 0.014513 0.015257 0.015927 0.016522 0.017042 0.017490 0.017870 0.018189 0.018451 0.018665 0.018837 0.018972 0.019077 0.019156 0.019214 0.019256 0.019285 0.019303 0.019313 0.019317 0.019318 0.019315 0.019311 0.019305 0.019300 0.019294 0.019289 0.019285 0.019282 0.019279 0.019278 0.019279 0.019280 0.019282 0.019286 0.019290 0.019296 0.019302 0.019309 0.019316 0.019325 0.019334 0.019343 0.019353 0.019363 0.019373 0.019383 0.019393
0.002909 0.003499 0.004269 0.005228 0.006327 0.007489 0.008651 0.009772 0.010838 0.011843 0.012786 0.013665 0.014478 0.015221 0.015889 0.016484 0.017003 0.017451 0.017832 0.018152 0.018417 0.018634 0.018809 0.018949 0.019059 0.019143 0.019206 0.019253 0.019286 0.019308 0.019321 0.019328 0.019331 0.019330 0.019327 0.019323 0.019319 0.019314 0.019310 0.019306 0.019304 0.019302 0.019301 0.019302 0.019303 0.019306 0.019310 0.019316 0.019322 0.019329 0.019337 0.019346 0.019356 0.019366 0.019378 0.019389 0.019401 0.019413 0.019424 0.019436
0.002895 0.003483 0.004252 0.005209 0.006307 0.007468 0.008628 0.009748 0.010812 0.011816 0.012757 0.013635 0.014446 0.015186 0.015853 0.016446 0.016965 0.017413 0.017794 0.018114 0.018381 0.018600 0.018778 0.018921 0.019036 0.019125 0.019193 0.019245 0.019283 0.019309 0.019326 0.019336 0.019342 0.019344 0.019343 0.019341 0.019338 0.019334 0.019331 0.019328 0.019326 0.019325 0.019325 0.019326 0.019328 0.019331 0.019336 0.019341 0.019348 0.019357 0.019366 0.019376 0.019387 0.019399 0.019412 0.019425 0.019439 0.019452 0.019466 0.019479
0.002883 0.003470 0.004237 0.005192 0.006289 0.007449 0.008608 0.009727 0.010790 0.011791 0.012731 0.013606 0.014415 0.015153 0.015819 0.016410 0.016927 0.017374 0.017755 0.018076 0.018343 0.018564 0.018744 0.018891 0.019009 0.019103 0.019176 0.019233 0.019275 0.019306 0.019328 0.019342 0.019351 0.019356 0.019357 0.019357 0.019356 0.019354 0.019352 0.019350 0.019349 0.019349 0.019349 0.019350 0.019353 0.019357 0.019362 0.019368 0.019376 0.019385 0.019395 0.019406 0.019419 0.019432 0.019446 0.019461 0.019477 0.019492 0.019507 0.019522
0.002873 0.003458 0.004223 0.005178 0.006273 0.007432 0.008590 0.009708 0.010769 0.011769 0.012706 0.013580 0.014386 0.015122 0.015785 0.016374 0.016890 0.017336 0.017716 0.018037 0.018305 0.018526 0.018709 0.018858 0.018979 0.019076 0.019155 0.019217 0.019264 0.019300 0.019327 0.019345 0.019358 0.019366 0.019371 0.019373 0.019374 0.019373 0.019373 0.019373 0.019372 0.019373 0.019374 0.019376 0.019379 0.019383 0.019389 0.019396 0.019404 0.019413 0.019424 0.019437 0.019450 0.019465 0.019481 0.019498 0.019515 0.019532 0.019549 0.019565
0.002865 0.003448 0.004212 0.005165 0.006259 0.007417 0.008574 0.009690 0.010750 0.011748 0.012683 0.013555 0.014359 0.015092 0.015753 0.016340 0.016854 0.017299 0.017678 0.017998 0.018266 0.018488 0.018672 0.018823 0.018946 0.019047 0.019130 0.019196 0.019249 0.019290 0.019321 0.019345 0.019362 0.019374 0.019382 0.019387 0.019390 0.019392 0.019394 0.019395 0.019396 0.019398 0.019400 0.019403 0.019406 0.019411 0.019417 0.019424 0.019433 0.019443 0.019455 0.019468 0.019483 0.019499 0.019516 0.019535 0.019553 0.019572 0.019591 0.019609
0.002857 0.003439 0.004202 0.005153 0.006246 0.007403 0.008559 0.009674 0.010732 0.011728 0.012662 0.013531 0.014333 0.015064 0.015722 0.016307 0.016819 0.017262 0.017640 0.017960 0.018227 0.018450 0.018635 0.018787 0.018912 0.019016 0.019101 0.019172 0.019229 0.019276 0.019312 0.019341 0.019363 0.019379 0.019391 0.019400 0.019406 0.019411 0.019414 0.019417 0.019420 0.019423 0.019426 0.019430 0.019435 0.019440 0.019446 0.019454 0.019464 0.019475 0.019487 0.019501 0.019516 0.019534 0.019552 0.019572 0.019592 0.019613 0.019633 0.019653
0.002851 0.003431 0.004192 0.005143 0.006234 0.007390 0.008545 0.009659 0.010716 0.011710 0.012642 0.013509 0.014308 0.015037 0.015693 0.016276 0.016786 0.017227 0.017604 0.017922 0.018189 0.018412 0.018597 0.018750 0.018877 0.018983 0.019071 0.019144 0.019206 0.019257 0.019299 0.019333 0.019360 0.019381 0.019398 0.019410 0.019420 0.019428 0.019434 0.019439 0.019444 0.019448 0.019453 0.019458 0.019464 0.019470 0.019477 0.019486 0.019496 0.019507 0.019520 0.019535 0.019551 0.019569 0.019589 0.019610 0.019632 0.019654 0.019676 0.019698
0.002846 0.003424 0.004184 0.005134 0.006224 0.007379 0.008532 0.009645 0.010700 0.011693 0.012623 0.013487 0.014285 0.015011 0.015665 0.016245 0.016753 0.017193 0.017568 0.017885 0.018152 0.018374 0.018559 0.018713 0.018841 0.018948 0.019038 0.019115 0.019180 0.019235 0.019282 0.019321 0.019353 0.019380 0.019401 0.019418 0.019432 0.019443 0.019453 0.019460 0.019468 0.019474 0.019480 0.019487 0.019493 0.019501 0.019509 0.019518 0.019529 0.019541 0.019555 0.019570 0.019587 0.019606 0.019627 0.019649 0.019672 0.019696 0.019720 0.019744
0.002841 0.003418 0.004177 0.005125 0.006214 0.007368 0.008520 0.009631 0.010685 0.011677 0.012604 0.013467 0.014262 0.014986 0.015638 0.016216 0.016722 0.017160 0.017534 0.017850 0.018115 0.018337 0.018522 0.018676 0.018805 0.018913 0.019005 0.019084 0.019151 0.019210 0.019261 0.019305 0.019342 0.019374 0.019401 0.019423 0.019441 0.019457 0.019470 0.019481 0.019490 0.019499 0.019507 0.019516 0.019524 0.019533 0.019542 0.019552 0.019564 0.019576 0.019591 0.019607 0.019624 0.019644 0.019666 0.019689 0.019714 0.019739 0.019764 0.019790
0.002837 0.003413 0.004170 0.005117 0.006205 0.007357 0.008508 0.009619 0.010671 0.011661 0.012587 0.013448 0.014241 0.014963 0.015612 0.016188 0.016692 0.017128 0.017500 0.017815 0.018080 0.018301 0.018486 0.018640 0.018769 0.018878 0.018971 0.019051 0.019121 0.019183 0.019237 0.019285 0.019327 0.019365 0.019397 0.019424 0.019448 0.019468 0.019485 0.019499 0.019512 0.019524 0.019535 0.019545 0.019555 0.019565 0.019576 0.019587 0.019600 0.019613 0.019628 0.019645 0.019663 0.019684 0.019707 0.019731 0.019756 0.019783 0.019810 0.019837
0.002834 0.003408 0.004164 0.005109 0.006196 0.007347 0.008497 0.009607 0.010658 0.011646 0.012570 0.013429 0.014220 0.014940 0.015587 0.016161 0.016664 0.017098 0.017468 0.017782 0.018045 0.018266 0.018450 0.018604 0.018733 0.018843 0.018937 0.019018 0.019090 0.019154 0.019211 0.019262 0.019309 0.019351 0.019389 0.019422 0.019450 0.019475 0.019497 0.019516 0.019533 0.019548 0.019561 0.019574 0.019586 0.019598 0.019610 0.019623 0.019637 0.019651 0.019667 0.019685 0.019704 0.019725 0.019749 0.019774 0.019800 0.019828 0.019856 0.019885
0.002831 0.003403 0.004158 0.005102 0.006188 0.007338 0.008487 0.009595 0.010645 0.011631 0.012554 0.013411 0.014200 0.014918 0.015563 0.016136 0.016636 0.017068 0.017438 0.017750 0.018012 0.018232 0.018415 0.018569 0.018698 0.018808 0.018902 0.018985 0.019058 0.019123 0.019183 0.019237 0.019287 0.019334 0.019376 0.019415 0.019449 0.019480 0.019507 0.019530 0.019551 0.019570 0.019587 0.019602 0.019617 0.019631 0.019645 0.019660 0.019675 0.019691 0.019708 0.019726 0.019747 0.019769 0.019793 0.019819 0.019846 0.019875 0.019904 0.019935
0.002828 0.003399 0.004152 0.005095 0.006180 0.007329 0.008477 0.009584 0.010632 0.011617 0.012538 0.013393 0.014180 0.014897 0.015540 0.016111 0.016610 0.017040 0.017408 0.017719 0.017980 0.018199 0.018381 0.018534 0.018664 0.018773 0.018868 0.018952 0.019026 0.019092 0.019154 0.019210 0.019263 0.019314 0.019360 0.019404 0.019444 0.019480 0.019512 0.019541 0.019567 0.019590 0.019611 0.019630 0.019647 0.019664 0.019681 0.019697 0.019714 0.019731 0.019750 0.019770 0.019791 0.019814 0.019839 0.019865 0.019894 0.019923 0.019954 0.019986
0.002826 0.003396 0.004147 0.005089 0.006172 0.007320 0.008467 0.009573 0.010620 0.011604 0.012523 0.013376 0.014162 0.014876 0.015518 0.016087 0.016584 0.017013 0.017380 0.017689 0.017950 0.018167 0.018349 0.018502 0.018630 0.018740 0.018835 0.018918 0.018993 0.019061 0.019124 0.019182 0.019238 0.019291 0.019341 0.019389 0.019434 0.019476 0.019514 0.019549 0.019580 0.019608 0.019633 0.019656 0.019677 0.019697 0.019716 0.019735 0.019754 0.019773 0.019793 0.019814 0.019836 0.019860 0.019886 0.019914 0.019943 0.019974 0.020006 0.020038
0.002824 0.003392 0.004142 0.005083 0.006165 0.007312 0.008458 0.009562 0.010608 0.011590 0.012508 0.013360 0.014144 0.014856 0.015497 0.016064 0.016560 0.016987 0.017353 0.017661 0.017920 0.018137 0.018318 0.018470 0.018598 0.018707 0.018802 0.018886 0.018961 0.019030 0.019094 0.019154 0.019211 0.019267 0.019320 0.019372 0.019421 0.019468 0.019512 0.019553 0.019589 0.019623 0.019653 0.019680 0.019705 0.019729 0.019751 0.019773 0.019794 0.019815 0.019837 0.019860 0.019883 0.019909 0.019936 0.019964 0.019995 0.020026 0.020059 0.020093
0.002823 0.003389 0.004138 0.005077 0.006158 0.007304 0.008449 0.009552 0.010597 0.011577 0.012494 0.013344 0.014126 0.014837 0.015476 0.016041 0.016536 0.016963 0.017326 0.017634 0.017892 0.018108 0.018288 0.018439 0.018567 0.018676 0.018771 0.018854 0.018930 0.018999 0.019063 0.019125 0.019184 0.019241 0.019297 0.019352 0.019405 0.019456 0.019506 0.019552 0.019595 0.019634 0.019669 0.019702 0.019732 0.019759 0.019785 0.019810 0.019834 0.019858 0.019882 0.019906 0.019932 0.019959 0.019987 0.020017 0.020048 0.020081 0.020115 0.020150
0.002822 0.003387 0.004134 0.005072 0.006151 0.007296 0.008440 0.009542 0.010586 0.011565 0.012480 0.013328 0.014109 0.014818 0.015455 0.016020 0.016513 0.016939 0.017301 0.017608 0.017865 0.018080 0.018260 0.018410 0.018537 0.018646 0.018740 0.018824 0.018899 0.018969 0.019034 0.019096 0.019156 0.019215 0.019273 0.019330 0.019386 0.019441 0.019495 0.019547 0.019596 0.019641 0.019682 0.019721 0.019756 0.019788 0.019818 0.019847 0.019874 0.019901 0.019927 0.019954 0.019982 0.020010 0.020040 0.020072 0.020104 0.020138 0.020173 0.020209
0.002821 0.003385 0.004130 0.005067 0.006145 0.007289 0.008432 0.009533 0.010575 0.011553 0.012466 0.013313 0.014092 0.014800 0.015436 0.015999 0.016491 0.016915 0.017277 0.017583 0.017839 0.018054 0.018233 0.018382 0.018509 0.018617 0.018711 0.018794 0.018869 0.018939 0.019004 0.019067 0.019128 0.019188 0.019248 0.019307 0.019366 0.019424 0.019482 0.019538 0.019592 0.019644 0.019691 0.019736 0.019777 0.019814 0.019849 0.019882 0.019913 0.019943 0.019973 0.020003 0.020033 0.020063 0.020095 0.020128 0.020162 0.020197 0.020233 0.020270
0.002821 0.003383 0.004127 0.005062 0.006139 0.007282 0.008424 0.009524 0.010565 0.011541 0.012453 0.013299 0.014076 0.014783 0.015417 0.015979 0.016470 0.016893 0.017254 0.017559 0.017815 0.018028 0.018207 0.018356 0.018482 0.018589 0.018683 0.018766 0.018841 0.018910 0.018976 0.019039 0.019100 0.019161 0.019222 0.019283 0.019344 0.019405 0.019466 0.019526 0.019585 0.019642 0.019696 0.019747 0.019794 0.019837 0.019878 0.019916 0.019951 0.019986 0.020019 0.020051 0.020084 0.020117 0.020151 0.020186 0.020222 0.020259 0.020296 0.020335
0.002822 0.003381 0.004124 0.005058 0.006134 0.007276 0.008416 0.009515 0.010555 0.011530 0.012441 0.013285 0.014060 0.014766 0.015399 0.015959 0.016449 0.016871 0.017232 0.017536 0.017791 0.018004 0.018182 0.018331 0.018456 0.018563 0.018656 0.018739 0.018813 0.018883 0.018948 0.019011 0.019073 0.019135 0.019197 0.019259 0.019321 0.019385 0.019448 0.019512 0.019575 0.019637 0.019697 0.019754 0.019807 0.019857 0.019903 0.019947 0.019988 0.020027 0.020064 0.020100 0.020136 0.020172 0.020209 0.020246 0.020284 0.020322 0.020361 0.020401
0.002823 0.003380 0.004122 0.005054 0.006129 0.007270 0.008409 0.009507 0.010545 0.011520 0.012428 0.013271 0.014045 0.014749 0.015381 0.015940 0.016429 0.016850 0.017210 0.017514 0.017768 0.017981 0.018158 0.018306 0.018431 0.018538 0.018631 0.018713 0.018787 0.018856 0.018922 0.018985 0.019047 0.019109 0.019171 0.019235 0.019299 0.019363 0.019429 0.019496 0.019562 0.019628 0.019693 0.019756 0.019816 0.019872 0.019926 0.019975 0.020022 0.020066 0.020108 0.020148 0.020188 0.020228 0.020267 0.020307 0.020347 0.020388 0.020429 0.020471
0.002824 0.003380 0.004120 0.005051 0.006124 0.007264 0.008402 0.009499 0.010537 0.011509 0.012417 0.013258 0.014031 0.014733 0.015363 0.015922 0.016409 0.016830 0.017189 0.017492 0.017746 0.017959 0.018136 0.018284 0.018408 0.018514 0.018607 0.018689 0.018763 0.018831 0.018896 0.018959 0.019021 0.019084 0.019147 0.019211 0.019276 0.019342 0.019410 0.019478 0.019548 0.019617 0.019686 0.019754 0.019820 0.019884 0.019944 0.020000 0.020053 0.020103 0.020150 0.020196 0.020240 0.020283 0.020326 0.020370 0.020413 0.020456 0.020499 0.020543
0.002826 0.003380 0.004118 0.005048 0.006120 0.007259 0.008396 0.009492 0.010528 0.011500 0.012406 0.013246 0.014017 0.014718 0.015347 0.015904 0.016391 0.016811 0.017169 0.017472 0.017725 0.017937 0.018114 0.018262 0.018386 0.018492 0.018584 0.018666 0.018739 0.018808 0.018872 0.018935 0.018997 0.019060 0.019123 0.019187 0.019253 0.019320 0.019389 0.019460 0.019532 0.019604 0.019677 0.019749 0.019821 0.019890 0.019957 0.020021 0.020081 0.020137 0.020191 0.020242 0.020291 0.020339 0.020386 0.020433 0.020479 0.020525 0.020572 0.020618
0.002828 0.003380 0.004117 0.005045 0.006116 0.007254 0.008390 0.009485 0.010520 0.011491 0.012395 0.013234 0.014004 0.014703 0.015331 0.015886 0.016372 0.016792 0.017149 0.017452 0.017705 0.017917 0.018094 0.018241 0.018365 0.018471 0.018563 0.018644 0.018718 0.018786 0.018850 0.018912 0.018974 0.019037 0.019100 0.019165 0.019231 0.019299 0.019369 0.019441 0.019515 0.019590 0.019666 0.019742 0.019818 0.019893 0.019966 0.020037 0.020104 0.020168 0.020228 0.020286 0.020341 0.020394 0.020446 0.020497 0.020547 0.020597 0.020646 0.020695
0.002831 0.003381 0.004116 0.005043 0.006113 0.007249 0.008385 0.009479 0.010513 0.011482 0.012385 0.013222 0.013991 0.014689 0.015315 0.015870 0.016355 0.016773 0.017130 0.017432 0.017686 0.017897 0.018074 0.018221 0.018345 0.018451 0.018543 0.018624 0.018697 0.018765 0.018829 0.018891 0.018953 0.019015 0.019078 0.019143 0.019210 0.019279 0.019350 0.019423 0.019498 0.019575 0.019653 0.019733 0.019813 0.019893 0.019971 0.020049 0.020123 0.020194 0.020262 0.020327 0.020388 0.020448 0.020505 0.020561 0.020615 0.020669 0.020722 0.020774
0.002834 0.003382 0.004115 0.005041 0.006110 0.007245 0.008380 0.009473 0.010506 0.011474 0.012376 0.013212 0.013979 0.014675 0.015300 0.015854 0.016338 0.016755 0.017112 0.017414 0.017667 0.017878 0.018055 0.018202 0.018327 0.018432 0.018524 0.018605 0.018678 0.018746 0.018809 0.018871 0.018933 0.018995 0.019058 0.019123 0.019190 0.019259 0.019331 0.019405 0.019481 0.019560 0.019640 0.019722 0.019806 0.019889 0.019973 0.020056 0.020138 0.020217 0.020292 0.020364 0.020433 0.020499 0.020563 0.020624 0.020684 0.020742 0.020799 0.020855
0.002837 0.003384 0.004115 0.005039 0.006107 0.007241 0.008375 0.009467 0.010499 0.011466 0.012367 0.013201 0.013967 0.014662 0.015286 0.015839 0.016322 0.016738 0.017095 0.017396 0.017649 0.017860 0.018037 0.018184 0.018309 0.018415 0.018506 0.018587 0.018660 0.018728 0.018791 0.018853 0.018914 0.018976 0.019039 0.019104 0.019171 0.019240 0.019312 0.019387 0.019465 0.019545 0.019627 0.019711 0.019797 0.019884 0.019973 0.020061 0.020148 0.020234 0.020318 0.020398 0.020475 0.020548 0.020619 0.020687 0.020753 0.020816 0.020878 0.020938
0.002841 0.003385 0.004115 0.005037 0.006104 0.007238 0.008371 0.009461 0.010493 0.011459 0.012359 0.013192 0.013956 0.014650 0.015273 0.015824 0.016306 0.016722 0.017078 0.017378 0.017631 0.017843 0.018019 0.018167 0.018292 0.018398 0.018490 0.018571 0.018644 0.018711 0.018775 0.018836 0.018897 0.018959 0.019022 0.019086 0.019153 0.019223 0.019295 0.019371 0.019449 0.019530 0.019613 0.019699 0.019788 0.019878 0.019970 0.020062 0.020155 0.020248 0.020339 0.020427 0.020512 0.020594 0.020672 0.020748 0.020820 0.020890 0.020957 0.021023
0.002846 0.003388 0.004115 0.005036 0.006102 0.007234 0.008366 0.009456 0.010487 0.011452 0.012351 0.013183 0.013946 0.014639 0.015260 0.015810 0.016291 0.016707 0.017062 0.017362 0.017615 0.017826 0.018003 0.018151 0.018276 0.018382 0.018474 0.018555 0.018628 0.018696 0.018759 0.018821 0.018882 0.018943 0.019006 0.019070 0.019137 0.019207 0.019279 0.019355 0.019434 0.019516 0.019600 0.019688 0.019778 0.019871 0.019966 0.020062 0.020160 0.020258 0.020355 0.020451 0.020545 0.020636 0.020723 0.020806 0.020886 0.020963 0.021037 0.021108
0.002851 0.003390 0.004116 0.005035 0.006099 0.007231 0.008362 0.009452 0.010481 0.011446 0.012343 0.013174 0.013937 0.014628 0.015248 0.015797 0.016277 0.016692 0.017046 0.017346 0.017599 0.017810 0.017987 0.018135 0.018260 0.018367 0.018459 0.018541 0.018614 0.018682 0.018745 0.018807 0.018868 0.018929 0.018992 0.019056 0.019123 0.019192 0.019265 0.019341 0.019420 0.019502 0.019588 0.019677 0.019769 0.019863 0.019961 0.020061 0.020162 0.020265 0.020368 0.020471 0.020573 0.020673 0.020769 0.020861 0.020950 0.021034 0.021116 0.021193
0.002857 0.003394 0.004117 0.005035 0.006097 0.007228 0.008358 0.009447 0.010476 0.011439 0.012337 0.013167 0.013928 0.014618 0.015237 0.015785 0.016264 0.016678 0.017032 0.017331 0.017583 0.017795 0.017972 0.018120 0.018245 0.018352 0.018445 0.018527 0.018601 0.018669 0.018733 0.018794 0.018855 0.018917 0.018979 0.019043 0.019110 0.019179 0.019252 0.019328 0.019407 0.019490 0.019576 0.019666 0.019760 0.019856 0.019956 0.020058 0.020163 0.020270 0.020379 0.020488 0.020597 0.020705 0.020810 0.020912 0.021010 0.021103 0.021193 0.021278
0.002864 0.003397 0.004118 0.005034 0.006096 0.007225 0.008355 0.009443 0.010471 0.011434 0.012330 0.013159 0.013919 0.014609 0.015227 0.015774 0.016252 0.016665 0.017018 0.017317 0.017569 0.017780 0.017957 0.018106 0.018231 0.018339 0.018432 0.018514 0.018589 0.018657 0.018721 0.018783 0.018844 0.018905 0.018968 0.019032 0.019098 0.019167 0.019240 0.019316 0.019396 0.019479 0.019566 0.019656 0.019751 0.019849 0.019950 0.020055 0.020163 0.020274 0.020387 0.020502 0.020617 0.020732 0.020847 0.020958 0.021066 0.021169 0.021268 0.021362
0.002871 0.003402 0.004120 0.005034 0.006094 0.007223 0.008351 0.009438 0.010466 0.011428 0.012324 0.013152 0.013912 0.014600 0.015217 0.015764 0.016241 0.016653 0.017005 0.017303 0.017555 0.017766 0.017943 0.018092 0.018218 0.018326 0.018419 0.018502 0.018577 0.018646 0.018710 0.018773 0.018834 0.018895 0.018958 0.019022 0.019088 0.019157 0.019230 0.019306 0.019386 0.019469 0.019556 0.019648 0.019743 0.019842 0.019945 0.020052 0.020163 0.020276 0.020393 0.020513 0.020634 0.020756 0.020879 0.020999 0.021117 0.021231 0.021339 0.021443
0.002879 0.003407 0.004123 0.005035 0.006093 0.007220 0.008348 0.009434 0.010461 0.011423 0.012318 0.013146 0.013905 0.014592 0.015209 0.015754 0.016230 0.016641 0.016993 0.017291 0.017542 0.017753 0.017930 0.018079 0.018205 0.018313 0.018407 0.018491 0.018566 0.018635 0.018700 0.018763 0.018825 0.018886 0.018949 0.019013 0.019080 0.019149 0.019221 0.019297 0.019377 0.019461 0.019548 0.019640 0.019736 0.019836 0.019941 0.020049 0.020162 0.020279 0.020399 0.020522 0.020649 0.020777 0.020906 0.021036 0.021163 0.021287 0.021407 0.021521
0.002888 0.003412 0.004126 0.005036 0.006093 0.007218 0.008345 0.009430 0.010457 0.011418 0.012313 0.013140 0.013898 0.014585 0.015200 0.015745 0.016220 0.016631 0.016982 0.017279 0.017530 0.017740 0.017917 0.018066 0.018192 0.018301 0.018396 0.018480 0.018555 0.018625 0.018691 0.018754 0.018816 0.018879 0.018941 0.019006 0.019072 0.019142 0.019214 0.019290 0.019370 0.019453 0.019541 0.019633 0.019730 0.019831 0.019937 0.020047 0.020161 0.020280 0.020403 0.020530 0.020661 0.020795 0.020931 0.021068 0.021204 0.021338 0.021469 0.021595
0.002897 0.003418 0.004129 0.005037 0.006092 0.007217 0.008342 0.009427 0.010453 0.011413 0.012307 0.013134 0.013892 0.014578 0.015193 0.015736 0.016211 0.016621 0.016971 0.017268 0.017518 0.017728 0.017905 0.018054 0.018180 0.018289 0.018384 0.018469 0.018545 0.018616 0.018682 0.018746 0.018809 0.018871 0.018935 0.018999 0.019066 0.019136 0.019208 0.019284 0.019364 0.019448 0.019536 0.019628 0.019725 0.019827 0.019933 0.020045 0.020161 0.020282 0.020408 0.020538 0.020672 0.020811 0.020953 0.021096 0.021241 0.021384 0.021525 0.021663
